a=[4,2,9,0,1]
c=[6;4;23;78;43]
b=[5
   8
   9
   0
   56
   75]

m=[45,67,34,23
    90,65,23,56
    12,56,98,4]
rank(m)
rref(m)
% linsolve(A,B)
linsolve([1 1 2 1;2 3 -1 -2;4 5 3 0],[5;2;7])
rref([1 1 2 1 5;2 3 -1 -2 2;4 5 3 0 7])
linsolve([1 3 2; 2 -1 1;1 2 3],[5;-1;2])
rref([1 3 2 5; 2 -1 1 -1;1 2 3 2])


s= magic(2)
det(s)

v1=(1:1:500)
v2= linspace(13,10,11)
a1=2:100
z=zeros(10,5)
e=eye(3,3)
e1=eye(3,2)
o=ones(4,4)
o1=2*ones(4,4)
%addressing element
a(4)
m(2,3)
a(1,[1,3])
c([1,3],1)
c([1,4])
m(:,[1,3])
m([2,3],:)
m([1,2],[3,4])
p1=[20,2,0,4,3];
v1=roots(p1);

%%
%array operations
a=[1,2,3,4
   5,6,7,8];
b=[10,9,8,7
    6,5,4,3];
c=[9,8,7,2
    1,2,3,7
    4,5,6,3
    6,1,1,1];
add=a+b;
sub=a-b;

mul=a*c;
div=b/c;

mulele=a.*b;

raise=a.^2;
